[constants]
pi = 3.141592
sqrttwo = 1.4142
euler = 2.71828
mok = nn